420
960
769
135
405
994
943
925
563
156
76
263
573
400
20
742
183
645
560
267
735
543
151
760
850
699
658
905
950
22
399
713
828
920
514
459
902
62
378
592
538
197
623
919
895
148
681
827
281
885
512
722
243
417
949
842
999
604
974
749
927
357
468
824
397
923
893
523
484
33
157
421
797
12
773
607
937
529
364
520
380
339
102
473
26
493
382
882
353
442
861
370
878
575
977
755
881
904
550
83
745
962
155
100
150
837
489
873
630
322
800
4
952
776
498
164
461
951
403
162
894
428
454
588
877
825
610
343
507
385
698
505
1000
475
756
785
490
240
966
358
416
226
292
998
389
537
296
845
28
346
371
258
786
748
624
106
103
515
96
548
56
315
45
736
98
928
488
13
398
278
948
867
55
92
812
21
985
768
701
279
15
853
981
487
856
306
236
924
558
817
50
31
137
714
253
333
820
679
802
136
973
975
968
190
793
415
407
805
260
940
695
932
244
492
552
628
261
125
712
61
239
898
303
332
173
725
706
594
72
27
307
731
438
617
779
840
379
367
979
186
730
519
794
313
368
312
600
291
122
481
216
434
883
526
504
329
664
781
282
302
647
741
124
876
909
665
75
478
104
620
140
116
127
953
275
85
319
816
535
983
54
687
510
871
451
869
57
673
719
775
655
167
147
342
577
485
184
344
555
154
935
207
534
424
330
967
614
456
851
727
702
653
790
562
189
63
863
782
366
532
233
204
865
80
955
991
734
126
18
939
918
849
669
561
68
944
915
717
843
60
373
311
502
338
987
458
305
87
158
997
166
545
879
804
762
297
500
910
860
450
314
441
386
530
402
571
384
53
670
210
170
110
738
114
780
813
448
936
662
222
268
608
192
65
429
954
740
326
334
908
854
978
737
70
764
414
49
990
982
39
633
646
271
900
109
612
460
831
591
495
724
642
425
716
615
79
16
383
996
331
262
17
457
34
637
596
683
711
255
744
947
897
650
818
138
277
641
672
149
852
625
376
316
193
654
440
862
228
177
635
709
232
337
657
327
912
250
38
522
229
479
2
753
375
621
870
187
35
692
121
101
584
758
199
844
579
508
46
298
469
801
396
206
430
891
914
422
747
445
593
570
517
671
811
578
404
986
970
482
549
547
214
513
324
969
884
601
836
619
352
554
743
32
129
494
274
788
118
181
761
37
539
903
474
551
213
930
587
153
411
855
988
916
874
872
393
247
318
23
678
796
209
763
351
394
308
235
663
265
963
933
360
195
97
169
689
660
959
675
293
462
993
694
347
392
631
652
71
688
455
880
215
219
220
875
433
572
783
835
806
42
10
830
503
29
418
754
676
310
906
821
431
644
911
833
590
131
9
374
141
453
269
472
391
690
765
179
212
40
536
289
410
470
732
707
486
284
180
30
834
77
581
3
859
777
58
770
888
51
984
426
248
74
819
36
757
354
321
241
168
964
580
846
112
640
143
41
784
198
723
160
896
766
691
524
111
569
527
165
259
808
145
516
86
643
638
128
629
774
957
864
217
810
290
684
388
887
521
847
272
546
509
252
822
107
613
815
752
439
257
995
285
602
542
359
1
639
750
823
211
961
254
123
496
618
8
323
161
90
518
231
667
778
499
938
696
447
246
91
435
841
866
606
325
680
44
59
467
976
708
926
771
304
89
172
317
598
814
409
64
772
142
956
659
69
463
568
224
533
829
390
295
372
942
704
449
191
501
980
839
728
480
759
419
221
972
328
566
576
922
632
559
649
471
605
838
491
444
907
395
6
889
299
356
152
242
130
609
586
792
159
280
223
992
348
945
661
300
589
497
387
413
345
249
350
423
264
201
99
857
67
941
929
582
412
349
477
178
234
585
245
355
432
931
273
685
746
446
616
634
120
436
677
465
710
557
200
93
94
341
574
238
603
668
989
892
134
185
674
84
188
286
832
540
506
66
965
381
697
787
194
556
721
693
626
230
144
715
336
14
651
807
88
452
25
739
622
408
466
377
803
208
340
427
203
256
237
5
48
139
43
718
176
564
335
464
599
19
729
406
656
553
826
946
171
196
483
163
283
320
899
799
934
81
858
541
700
611
809
476
117
751
119
113
175
133
288
627
720
146
648
7
266
202
82
225
73
511
528
567
52
597
565
544
443
921
95
105
595
294
108
174
361
182
309
11
913
363
886
958
703
47
531
733
218
362
682
287
583
868
525
276
767
705
726
901
251
437
205
78
301
132
848
115
789
666
365
401
791
24
795
917
227
636
270
686
798
890
971